; Sprite configuration file
CenterX=34
CenterY=139
FrameRows=1
PropertyColumns=3
MinBound=-0.228904,0,-0.226749
MaxBound=0.22765,1,0.228414
Points=0,1,0, 0,1,0.15, 0.106066,1,0.106066, 0.15,1,-0, 0.106066,1,-0.106066, -0,1,-0.15, -0.106066,1,-0.106066, -0.15,1,0, -0.106066,1,0.106066, 0,0,0, 0,0,0.15, 0.106066,0,0.106066, 0.15,0,-0, 0.106066,0,-0.106066, -0,0,-0.15, -0.106066,0,-0.106066, -0.15,0,0, -0.106066,0,0.106066
TriangleIndices=0,1,2, 9,11,10, 2,1,10, 2,10,11, 0,2,3, 9,12,11, 3,2,11, 3,11,12, 0,3,4, 9,13,12, 4,3,12, 4,12,13, 0,4,5, 9,14,13, 5,4,13, 5,13,14, 0,5,6, 9,15,14, 6,5,14, 6,14,15, 0,6,7, 9,16,15, 7,6,15, 7,15,16, 0,7,8, 9,17,16, 8,7,16, 8,16,17, 0,8,1, 9,10,17, 1,8,17, 1,17,10
