; Sprite configuration file
CenterX=104
CenterY=57
FrameRows=2
PropertyColumns=3
MinBound=-0.5,-0.048824,-0.5
MaxBound=0.5,0.048824,0.5
Points=-0.485,-0.02,-0.485, -0.485,-0.02,0.485, -0.485,0.02,-0.485, -0.485,0.02,0.485, 0.485,-0.02,-0.485, 0.485,-0.02,0.485, 0.485,0.02,-0.485, 0.485,0.02,0.485
TriangleIndices=3,2,0, 3,0,1, 6,7,5, 6,5,4, 2,6,4, 2,4,0, 7,3,1, 7,1,5, 3,7,6, 3,6,2, 0,4,5, 0,5,1
